100 4
-63 0 2 0
-63 0 2 0
-63 -1 2 0
-62 -2 2 0
-60 -4 2 0
-58 -5 2 0
-56 -6 2 0
-52 -8 2 0
-48 -9 2 0
-43 -11 3 0
-37 -12 3 0
-30 -14 3 0
-23 -16 3 0
-14 -17 3 0
-5 -19 3 0
4 -21 3 0
15 -22 2 0
27 -24 2 0
40 -25 2 0
53 -27 2 0
67 -28 2 0
82 -29 2 0
98 -30 1 0
114 -32 1 0
131 -32 1 0
149 -33 1 0
166 -34 0 0
184 -34 0 0
203 -35 0 0
222 -35 0 0
240 -35 0 0
259 -34 -1 0
278 -34 -1 0
296 -33 -1 0
314 -32 -2 0
332 -31 -2 0
349 -30 -3 0
365 -28 -3 0
381 -26 -4 0
396 -24 -4 0
410 -22 -4 0
422 -20 -5 0
434 -17 -5 0
444 -15 -5 0
453 -12 -5 0
461 -9 -6 0
467 -6 -6 0
472 -3 -6 0
475 0 -6 0
477 3 -6 0
477 6 -6 0
475 9 -6 0
472 12 -5 0
467 15 -5 0
461 18 -5 0
453 21 -5 0
444 23 -4 0
434 26 -4 0
422 28 -4 0
410 30 -3 0
396 32 -3 0
381 34 -2 0
365 35 -2 0
349 37 -1 0
332 38 -1 0
314 38 0 0
296 39 0 0
278 39 0 0
259 39 0 0
240 39 0 0
222 39 1 0
203 39 1 0
184 38 1 0
166 37 2 0
149 36 2 0
131 35 2 0
114 34 2 0
98 32 3 0
82 31 3 0
67 29 3 0
53 28 3 0
40 26 3 0
27 24 3 0
15 22 3 0
4 21 3 0
-5 19 3 0
-14 17 3 0
-23 15 3 0
-30 13 3 0
-37 12 3 0
-43 10 3 0
-48 8 3 0
-52 7 3 0
-56 5 3 0
-58 4 2 0
-60 2 2 0
-62 1 2 0
-63 0 2 0
-63 0 2 0
-63 -1 1 0
