0
86278
370444
516822
546460
568828
582418
585861
577759
556623
520873
908403
915538
807755
816029
812127
795762
767308
471981
587709
579378
557379
828594
829485
823153
702483
699007
684155
791547
780910
763421
484608
489282
481289
460314
425511
682104
665958
638370
731062
703487
665408
615835
553552
783184
873343
845653
810097
765488
710999
645458
567602
914900
883904
846527
801984
749528
581179
527474
459128
814215
789547
757276
716931
667640
608337
671018
614878
856354
831374
801433
765925
617178
585627
542583
620149
578229
833397
822157
806145
785479
505208
510135
397371
504217
603840
584338
449379
430027
397994
659408
651084
634803
743847
737990
728533
715264
697470
675831
649728
618785
582504
540638
492562
437362
374515
609022
710257
700164
689896
572306
685530
670310
548131
550242
548688
543386
535436
523701
509008
491075
469394
443797
546644
538281
529318
520276
510454
500469
490286
479861
469191
458384
447286
436413
424996
413649
402317
390760
379270
367557
355885
344036
332231
320245
308262
296223
284094
271712
259785
247508
234975
222851
210240
198004
185295
172767
160337
147720
135287
122460
109837
97211
84627
71888
59028
46534
33660
21158
8271
-4228
-17194
-29618
-42569
-54977
-67987
-80393
-93298
-105694
-118572
-130951
-143593
-156259
-168861
-181475
-193963
-206571
-219004
-231494
-243954
-256444
-268736
-281119
-293323
-305520
-317619
-329424
-341603
-353115
-364760
-376119
-387364
-398184
-408707
-418786
-428289
-437311
-445514
-452865
-458993
-464356
-467764
-469776
-469864
-467584
-462760
-454589
-443393
-428127
-408560
-383935
-353623
-317886
-581086
-580112
-576488
-570121
-559993
-546033
-659682
-660874
-660496
-657854
-545775
-662146
-540326
-539690
-531447
-515445
-491059
-458110
-415326
-362058
-735969
-733851
-728038
-718288
-704011
-684115
-658364
-625492
-584359
-666771
-632105
-590383
-540261
-787573
-767823
-742474
-603737
-715011
-707612
-692641
-669499
-383460
-633671
-578166
-818252
-790055
-754751
-711454
-659150
-729251
-681268
-624731
-865060
-838001
-804962
-764655
-609285
-701981
-674255
-636274
-587465
-833499
-810317
-779457
-739541
-823069
-789346
-748162
-698569
-640050
-877443
-485997
-503197
-637948
-650496
-651202
-640425
-617543
-582007
-533719
-777600
-882675
-871056
-853408
-829171
-690979
-669762
-636877
-337768
-317482
-718415
-737535
-748423
-750537
-743838
-728315
-703529
-562171
-535010
-626479
-596659
-862956
-861618
-855620
-590250
-610932
-621800
-622489
-612716
-592030
-559833
-648226
-616942
-576623
-526567
-772163
-749995
-614628
-597131
-701588
-688422
-668148
-640903
-606121
-563905
-512816
-453020
-689429
-658336
-754054
-736274
-716029
-692459
-558624
-652163
-506593
-481100
-447101
-404521
-352373
-729864
-294656
-660986
-652983
-643572
-632516
-620271
-606426
-590853
-573419
-553587
-531521
-506911
-478261
-579054
-568990
-558571
-548508
-537744
-527157
-516473
-505571
-494608
-483561
-472215
-461269
-449613
-438322
-427047
-415238
-403636
-391936
-380221
-368403
-356311
-344688
-332606
-320399
-308531
-296191
-283993
-271866
-259568
-247354
-234998
-222441
-210262
-197800
-185103
-172900
-160115
-147832
-134979
-122632
-109735
-97230
-84547
-71833
-59252
-46502
-33893
-21151
-8512
4227
16712
29663
42060
55067
67439
80456
92781
105766
118305
130972
143466
155800
168637
180898
193660
205856
218489
230805
242919
255474
267476
279713
291920
304012
316079
328020
339864
351679
363352
374870
386376
397564
408707
419316
430209
440256
450219
459749
468622
476956
484320
491269
496592
500807
503608
504365
502960
498481
491197
480133
464002
575553
574645
570996
565279
555721
543047
526155
504459
478198
445773
406911
667216
662837
655531
644411
629560
608886
715484
708776
698863
684984
667011
537259
633045
594302
441663
405338
489287
759639
763284
762903
757978
747778
732388
710662
682019
645219
732246
702640
666279
622085
569848
814081
790907
654937
769346
766236
755636
737949
712509
424541
418926
399036
670683
802770
817667
826180
721404
734376
736996
729605
711746
683557
643656
591985
527299
754484
842245
812213
774348
727493
670631
602515
654765
892628
862784
826482
782739
730464
668546
728358
669450
907228
877972
736037
711994
677050
630406
704004
657493
600787
839195
808733
770658
723931
800595
759984
711942
655618
589978
819892
674662
779585
766790
746464
718287
682316
637667
583535
519010
882490
870504
855307
837116
454526
483622
500579
506129
499482
480925
449937
406007
481797
743084
737459
726545
710987
689899
662863
629920
589330
673982
643497
607990
566979
413358
377792
638032
324672
568922
677926
674314
669101
662366
653906
644487
633063
620444
606319
590133
572564
552473
529554
504110
608106
468865
569401
559086
548518
537982
527342
516579
505698
494448
483710
472218
461061
449934
438299
426771
415193
403658
391906
380003
368435
356528
344402
332685
320637
308327
296475
284044
271878
259899
247341
234966
222688
210230
197843
185288
172602
160366
147557
135195
122380
109968
97260
84385
71969
59050
46716
33732
21077
8364
-4296
-17000
-29647
-42339
-55083
-67732
-80413
-92981
-105675
-118228
-130810
-143431
-156019
-168577
-181103
-193653
-206069
-218550
-230921
-243377
-255649
-267810
-280422
-292337
-304815
-316573
-328679
-340562
-352326
-364105
-375624
-387065
-398206
-409155
-419753
-429844
-439760
-449122
-457879
-465937
-473098
-479172
-484022
-487121
-488938
-487973
-484926
-478742
-469024
-455078
-436223
-411370
-513068
-367785
-457784
-432228
-400859
-669537
-368632
-628557
-623713
-615727
-603736
-587560
-566041
-538227
-635994
-619049
-597131
-570020
-536763
-496483
-448391
-697507
-679704
-656656
-760172
-749934
-629130
-628858
-620113
-603552
-577841
-542474
-497158
-440682
-810803
-804305
-793234
-777474
-756368
-728656
-694216
-290862
-294138
-412497
-273358
-665102
-674299
-673644
-662613
-640907
-607395
-561936
-635893
-588994
-837135
-816548
-788730
-645976
-618872
-711201
-683064
-644481
-595459
-840914
-817327
-785797
-745439
-828408
-794056
-752439
-595827
-554868
-806770
-787736
-759823
-854934
-832969
-803734
-767045
-722140
-667817
-603166
-833272
-926726
-544851
-573862
-590238
-593937
-584581
-562414
-526624
-476518
-850755
-845921
-834422
-816663
-791794
-759408
-612156
-580801
-536173
-611504
-872512
-612438
-639038
-656124
-664271
-663080
-651927
-631302
-599384
-556367
-633951
-591968
-540693
-785204
-762008
-626047
-607836
-711861
-698434
-677817
-650435
-615585
-572824
-522134
-462061
-698508
-667459
-630470
-719600
-694468
-665924
-633206
-489130
-571606
-413938
-375692
-634249
-626686
-615092
-599655
-580250
-555755
-659492
-651516
-642388
-631938
-620842
-608034
-594252
-579025
-562390
-543785
-523214
-500145
-473987
-577705
-438328
-538549
-528037
-517267
-506755
-495900
-484602
-473565
-462517
-450834
-439334
-427481
-416021
-403804
-391957
-380079
-367655
-355456
-343212
-330893
-318506
-306250
-293927
-281420
-269370
-256989
-244817
-232856
-220800
-209089
-196910
-185159
-173301
-161573
-149704
-137849
-125730
-113967
-101694
-89660
-77071
-64672
-51692
-38924
-25464
-12266
1608
15194
29402
43258
57426
71639
85831
99927
113882
127535
141224
154059
166897
179178
191121
202443
213419
223937
233895
243477
252876
262024
270713
279932
288696
298196
307482
317576
328424
339467
351518
364323
378056
392516
407853
423691
440096
456720
473827
490321
506408
521649
535507
547403
556893
563667
566983
566266
560846
549935
533499
509834
612000
599891
583905
564698
541766
515464
486493
455014
421341
385975
