6801
6735
6667
6633
6537
6511
6419
6399
6303
6245
6197
6099
6049
5973
5911
5853
5767
5701
5637
5545
5471
5395
5349
5237
5165
5095
5017
4939
4841
4771
4697
4605
4519
4435
4333
4281
4169
4099
3981
3897
3835
3735
3639
3555
3457
3381
3287
3171
3105
3027
2891
2819
2729
2625
2525
2439
2333
2249
2153
2041
1941
1875
1731
1657
1559
1457
1361
1257
1183
1053
965
863
763
675
557
477
385
271
195
89
19
-97
-183
-277
-391
-489
-575
-671
-811
-887
-1007
-1139
-1243
-1357
-1453
-1595
-1681
-1825
-1937
-2055
-2161
-2295
-2403
-2497
-2645
-2729
-2839
-2931
-3049
-3137
-3219
-3331
-3395
-3473
-3557
-3621
-3673
-3749
-3799
-3853
-3895
-3915
-3985
-3999
-4023
-4071
-4093
-4113
-4163
-4189
-4237
-4281
-4319
-4395
-4441
-4557
-4617
-4735
-4845
-4979
-5135
-5267
-5467
-5653
-5875
-6105
-6345
-6605
-6895
-7183
-7505
-7819
-8173
-8509
-8883
-9223
-9589
-9969
-10335
-10717
-11071
-11445
-11785
-12161
-12469
-12809
-13101
-13411
-13673
-13939
-14179
-14413
-14607
-14809
-14973
-15133
-15257
-15397
-15487
-15595
-97
-97
