1801489
1769141
1737147
1704289
1672127
1639555
1605811
1572995
1539315
1505869
1471467
1437425
1403171
1368279
1333003
1298095
1262991
1227719
1192183
1155947
1119655
1083997
1047383
1010981
974909
937605
900575
863435
826223
789135
751617
714107
676541
639087
600657
562775
525159
487089
448511
410739
372277
334013
295571
256971
218081
179971
141355
103105
64159
25833
-13605
-52057
-90319
-128919
-167503
-206191
-244595
-282671
-321363
-360197
-398517
-436329
-474497
-512763
-550493
-589055
-626967
-664237
-701827
-739943
-776751
-814369
-851645
-888743
-925665
-962825
-999125
-1035409
-1072461
-1108447
-1144415
-1180393
-1215789
-1251339
-1287379
-1322317
-1357217
-1391627
-1426589
-1460271
-1494565
-1528533
-1562267
-1595597
-1628379
-1661555
-1694543
-1726529
-1758935
-1790421
-1822289
-1853393
-1884931
-1915135
-1946145
-1976109
-2005871
-2035381
-2064967
-2093955
-2122911
-2150529
-2178365
-2206653
-2233851
-2260627
-2287537
-2313533
-2339945
-2365207
-2391055
-2415823
-2439979
-2464469
-2488059
-2511579
-2534587
-2557805
-2579707
-2601495
-2623149
-2644439
-2664957
-2685353
-2705111
-2724851
-2743939
-2762521
-2780815
-2798687
-2816365
-2832713
-2850131
-2865689
-2881459
-2897011
-2911411
-2926543
-2940011
-2953291
-2966437
-2979189
-2991237
-3002847
-3015031
-3025149
-3035735
-3045501
-3055131
-3063967
-3072673
-3080761
-3088079
-3095599
-3101823
-3108299
-3113745
-3119313
-3123745
-3128407
-3132699
-3135277
-3138967
-3140575
-3143355
-3143913
-3145729
-3145711
-3145889
-3145871
-3144679
-3143697
-3141533
-3139567
-3136439
-3133475
-3129393
-3125469
-3120853
-3115759
-3110131
-3103993
-3096953
-3090813
-3083083
-3075419
-3066379
-3058187
-3049275
-3038549
-3029043
-3017487
-3006981
-2995209
-2983215
-2970981
-2957825
-2944319
-2930803
-2916361
-2901873
-2886031
-2871165
-2854705
-2838505
-2821777
-2803613
-2786435
-2768387
-2749735
-2730681
-2711591
-2691627
-2671761
-2650587
-2629769
-2609069
-2586487
-2564473
-2542593
-2519127
-2495795
-2472173
-2448333
-2424215
-2398697
-2373591
-2348353
-2322415
-2296289
-2269303
-2242263
-2215477
-2188111
-2159857
-2131559
-2103395
-2074265
-2045117
-2015201
-1985425
-1955853
-1925203
-1894725
-1863691
-1832019
-1800937
-1769113
-1736729
-1705211
-1672349
-1638993
-1606199
-1573027
-1539249
-1505983
-1471673
-1437109
-1402859
-1368267
-1333397
-1298517
-1263029
-1227581
-1191947
-1156197
-1119617
-1084091
-1047581
-1010961
-974141
-937471
-900621
-863621
-826741
-788993
-752117
-714147
-676387
-638587
-601147
-562975
-525197
-487293
-448797
-410429
-372449
-333605
-295185
-256817
-218479
-179673
-141755
-102503
-63821
-25693
13263
52129
90009
128539
167189
206155
244589
283163
321347
359483
398105
436181
475023
512691
550783
588401
626847
664437
701531
739609
777191
814487
851317
888819
925539
962533
999435
1036023
1072285
1108489
1143937
1180555
1216291
1251799
1286993
1322005
1356799
1391619
1426453
1460713
1494581
1528263
1561919
1595575
1628805
1661633
1694017
1726183
1759067
1790367
1822269
1853913
1884555
1915609
1945815
1976125
2006089
2035789
2064919
2093681
2122383
2151093
2178933
2206495
2233679
2260861
2287315
2313925
2339631
2366009
2390893
2415635
2440717
2464397
2488071
2511697
2534661
2557789
2579479
2602239
2623083
2643929
2665349
2685395
2705383
2724655
2744151
2762145
2780613
2798641
2815831
2833163
2849257
2866177
2881297
2896223
2912077
2925729
2939903
2953737
2966573
2979245
2991555
3003295
3014547
3025261
3035803
3045369
3055297
3063895
3072849
3080923
3087847
3095821
3101561
3108321
3113529
3119319
3123581
3128429
3132245
3135559
3138221
3141001
3142707
3144363
3145647
3145823
3146133
3145783
3144701
3143179
3141923
3139689
3136991
3133237
3129975
3125303
3121055
3116021
3110285
3104451
3097237
3090819
3083147
3075003
3066643
3058145
3048279
3039229
3028675
3018169
3007087
2994909
2983607
2970377
2957839
2944141
2930533
2916367
2901561
2886299
2871023
2854825
2838647
2821611
2804513
2786847
2768145
2750187
2731051
2711667
2692103
2671251
2651305
2630267
2608621
2587195
2564691
2542133
2519009
2495719
2472571
2447819
2423655
2398789
2373693
2347935
2322337
2296255
2269479
2242517
2215175
2187563
2159769
2132227
2103009
2073787
2045355
2015627
1986405
1955315
1925159
1894971
1864083
1832189
1801075
1768847
1736773
1704923
1672043
1639103
1606153
1572933
1539199
1505147
1471363
1437297
1402983
1368203
1332893
1298083
1262951
1227529
1192169
1155927
1119689
1083725
1047437
1011157
974547
937873
901289
863597
826585
789209
751947
714353
677165
638811
600653
563317
524745
486545
448983
410643
371693
334015
294995
256555
218457
179973
141445
102545
64371
25417
-13325
-51481
-90487
-129009
-167231
-205939
-244189
-282411
-321453
-359959
-397819
-436031
-474889
-512559
-550949
-589045
-626433
-664265
-702253
-739425
-776789
-814287
-851581
-889215
-925947
-962313
-998819
-1035903
-1072311
-1108877
-1144709
-1180517
-1215741
-1251461
-1287225
-1322179
-1356975
-1392003
-1425917
-1460047
-1494869
-1528427
-1562599
-1595381
-1628299
-1661863
-1694521
-1726389
-1759189
-1790185
-1822453
-1853773
-1884615
-1914967
-1946317
-1975995
-2005657
-2035649
-2064281
-2094183
-2122661
-2150323
-2178721
-2206505
-2234199
-2260805
-2287435
-2313777
-2339717
-2365469
-2390913
-2416189
-2440199
-2464389
-2488303
-2511501
-2534879
-2557441
-2580023
-2601589
-2622965
-2644693
-2664635
-2685083
-2705339
-2724609
-2744083
-2762737
-2780651
-2798937
-2815719
-2832931
-2850077
-2865831
-2881673
-2896677
-2911669
-2925843
-2940375
-2953531
-2966627
-2979321
-2991513
-3003033
-3014439
-3025333
-3035579
-3045879
-3054999
-3064211
-3072503
-3081179
-3088313
-3095435
-3102011
-3108123
-3113981
-3119123
-3123943
-3128585
-3131909
-3135401
-3138671
-3140739
-3142931
-3144081
-3145761
-3145445
-3145975
-3145941
-3144807
-3143447
-3141731
-3139449
-3136679
-3133297
-3129731
-3125695
-3121189
-3116091
-3109923
-3104373
-3097327
-3091101
-3082915
-3075741
-3066627
-3057961
-3048809
-3038739
-3028731
-3017619
-3007105
-2994831
-2983327
-2970379
-2957979
-2944329
-2930369
-2916377
-2901555
-2886237
-2871225
-2854415
-2838639
-2821987
-2803741
-2786651
-2768607
-2749977
-2730899
-2711431
-2691929
-2671175
-2650731
-2630119
-2609263
-2586697
-2564627
-2542329
-2519303
-2495713
-2472321
-2448299
-2423847
-2398761
-2373815
-2347971
-2322545
-2295967
-2269477
-2242305
-2215639
-2187851
-2160091
-2131625
-2103111
-2074517
-2045307
-2015265
-1985579
-1956019
-1925261
-1894927
-1863425
-1832079
-1801129
-1769143
-1736857
-1705281
-1671899
-1639093
-1606253
-1573135
-1539269
-1506155
-1471383
-1437253
-1402961
-1368389
-1333177
-1298671
0
0
0
0
0
0
0
0
0
0
0
0
0
0
0
0
0
0
0
0
0
0
0
0
0
0
0
0
0
0
0
0
0
0
0
0
0
0
0
0
0
0
0
0
0
0
0
0
0
0
0
0
0
0
0
0
0
0
0
0
0
0
0
0
0
0
0
0
0
0
0
0
0
0
0
0
0
0
0
0
0
0
0
0
0
0
0
0
0
0
0
0
0
0
0
0
0
0
0
0
0
0
0
0
0
0
0
0
0
0
0
0
0
0
0
0
0
0
0
0
0
0
0
0
0
0
0
0
0
0
0
0
0
0
0
0
0
0
0
0
0
0
0
0
0
0
0
0
0
0
0
0
0
0
0
0
0
0
0
0
0
0
0
0
0
0
0
0
0
0
0
0
0
0
0
0
0
0
0
0
0
0
0
0
0
0
0
0
0
0
0
0
0
0
0
0
0
0
0
0
0
0
0
0
0
0
0
0
0
0
0
0
0
0
0
0
0
0
0
0
0
0
0
0
0
0
0
0
0
0
0
0
0
0
0
0
0
0
0
0
