267942
284694
301382
317934
334296
350400
366166
381546
396466
410856
424672
437848
450322
462048
472980
483056
492248
500504
507794
514094
519355
523576
526722
528790
529764
529646
528428
526116
522722
518262
512748
506212
498668
490166
480470
470146
458978
447012
434298
420900
406868
392262
377150
361594
345662
329426
312940
296288
279530
-20691438
-20691438
19977974
19977974
1584898
1584898
-1156663
-1156663
22310926
22310926
-21087967
-21087967
43616306
43616305
-41333470
-41333470
63893339
63893338
-60907167
-60907167
83450445
83450443
-79904230
-79904231
102044035
102044033
-97892814
-97892815
121168886
121168883
-116834870
-116834872
137773845
137773841
-133323205
-133323207
154610864
154610859
-150574881
-150574883
169744996
169744990
-166453742
-166453744
183548730
183548723
-181168033
-181168035
197420178
197420170
-196566996
-196566998
209316390
209316380
-210158592
-210158595
221367555
221367543
-224554559
-224554563
230443979
230443966
-236243170
-236243175
240480423
240480409
-249523603
-249523608
247529714
247529700
-260084364
-260084369
254232957
254232943
-271037440
-271037445
260829348
260829334
-282009983
-282009988
264774625
264774610
-291119136
-291119142
269495100
269495083
-301069850
-301069857
271622848
271622830
-309173572
-309173580
274594220
274594201
-318140070
-318140078
275050141
275050120
-325284724
-325284732
276434628
276434606
-333320455
-333320463
275395111
275395089
-339565115
-339565123
275380984
275380961
-346733499
-346733508
273043950
273043927
-352144811
-352144821
270668260
270668237
-357698756
-357698766
268505917
268505892
-363300681
-363300691
265153342
265153317
-368111247
-368111256
262121336
262121311
-373006800
-373006809
258005851
258005826
-377147524
-377147532
210754600
210754575
-339981295
-339981303
207639394
207639369
-344741854
-344741862
203084240
203084215
-348284707
-348284716
198252874
198252848
-351211457
-351211467
193463793
193463767
-354336738
-354336748
188629410
188629384
-357246483
-357246493
183648118
183648092
-359570960
-359570971
180140976
180140951
-363321753
-363321764
175167493
175167467
-365130346
-365130357
170422595
170422569
-367205792
-367205803
165805964
165805939
-369131297
-369131307
161344436
161344411
-370915594
-370915603
158230230
158230205
-373383110
-373383119
154054512
154054487
-374772326
-374772334
149952939
149952914
-375679362
-375679370
147525128
147525103
-378110476
-378110484
4425295
-4425295
-40173162
40173162
-1177721
1177719
1456493
-1456495
-5433690
5433686
41478190
-41478194
-15176425
15176419
92813372
-92813378
-15581026
15581018
124338075
-124338082
-14363080
14363070
152753730
-152753738
-11451406
11451395
178657507
-178657517
-6923702
6923689
198930951
-198930962
-1297651
1297636
220024623
-220024635
-2228428
2228413
253375953
-253375966
5686307
-5686323
268769625
-268769639
14695760
-14695777
282781726
-282781741
16800827
-16800846
309668591
-309668607
27592141
-27592160
319500865
-319500882
39176296
-39176315
325114815
-325114833
43121769
-43121789
350313213
-350313232
55804958
-55804978
352672860
-352672879
60648981
-60649001
374909851
-374909871
73598322
-73598342
377262207
-377262228
87225637
-87225658
376736772
-376736792
92329188
-92329209
395724213
-395724233
106097574
-106097595
393110877
-393110898
111188243
-111188264
410207823
-410207843
124800133
-124800153
405885218
-405885239
129601443
-129601462
421439079
-421439100
142802164
-142802183
415725603
-415725624
147081747
-147081766
430027845
-430027867
159661534
-159661553
423189996
-423190018
163232331
-163232349
436483999
-436484021
174399958
-174399975
431095355
-431095377
177677333
-177677349
441070402
-441070423
187949475
-187949491
434971928
-434971949
190287129
-190287144
444316531
-444316551
199585455
-199585470
437659550
-437659570
216436463
-216436478
353407907
-353407926
221319495
-221319510
352639106
-352639126
225147669
-225147683
354135362
-354135383
228661171
-228661185
355735546
-355735567
231472914
-231472927
356785492
-356785512
233800706
-233800719
357655228
-357655248
235847334
-235847346
358698247
-358698266
237673082
-237673094
356569833
-356569853
238903143
-238903154
357510709
-357510729
239504863
-239504874
357988338
-357988358
239708097
-239708107
358363726
-358363746
239537792
-239537802
358649637
-358649656
239646891
-239646901
356505968
-356505986
238878259
-238878269
356807561
-356807580
237995517
-237995527
357374662
-357374682
237070278
-237070288
354852041
-354852061
-198846979
-198847005
423872207
423872198
-200691871
-200691897
420917629
420917620
-204522571
-204522597
419738015
419738006
-207221609
-207221635
416819947
416819937
-211183788
-211183815
414964003
414963994
-215575331
-215575358
413207990
413207982
-220178866
-220178894
411072865
411072857
-224017004
-224017032
408156713
408156706
-229345913
-229345941
406083970
406083963
-233891843
-233891871
403277786
403277780
-239379924
-239379952
401133887
401133881
-244962777
-244962805
398644952
398644946
-249652588
-249652616
395411931
395411926
-254953538
-254953566
392320390
392320384
-259253408
-259253436
388437544
388437538
-264793747
-264793775
385388021
385388016
-268539370
-268539398
380859599
380859593
-273409769
-273409797
377114088
377114082
-277767372
-277767399
373236346
373236341
-280423817
-280423844
367542627
367542622
-284475547
-284475574
363585356
363585351
-286019335
-286019362
357126076
357126071
-288833211
-288833238
352355705
352355699
-289015185
-289015211
345034255
345034249
-290345631
-290345656
339351261
339351255
-288926067
-288926091
331065538
331065533
-288541594
-288541617
324365652
324365647
-285299725
-285299747
315009726
315009721
-282992864
-282992884
307185965
307185961
-279349454
-279349473
298564567
298564563
-273427782
-273427800
287913042
287913038
-267611699
-267611717
278046078
278046074
-259458874
-259458890
266102198
266102195
-251367298
-251367314
254898796
254898793
-284702398
-284702413
283650010
283650008
-272389064
-272389077
269048588
269048587
-260464368
-260464379
255442369
255442367
-247220731
-247220740
240691430
240691427
-233118503
-233118510
225765253
225765251
-217978516
-217978522
210224578
210224576
-201639149
-201639154
193580775
193580773
-183194315
-183194318
175426828
175426826
-164987563
-164987565
157387397
157387396
-146243426
-146243427
139298510
139298510
-126843718
-126843719
120770432
120770432
-106900930
-106900931
101883312
101883312
-84927741
-84927741
80822644
80822644
-64193290
-64193290
61214769
61214769
-43122865
-43122865
41052828
41052828
-20910724
-20910724
20057944
20057944
-205773020
205773014
-491335735
491335715
-209486379
209486372
-488213673
488213653
-213653525
213653518
-480545983
480545963
-208610878
208610871
-497194599
497194579
-212195870
212195863
-490140539
490140519
-215557371
215557364
-482419143
482419122
-218829835
218829828
-474516942
474516920
-220965148
220965139
-468958271
468958249
-223691147
223691138
-459727483
459727460
-216678759
216678750
-473568325
473568301
-218253030
218253020
-464011538
464011514
-219588800
219588789
-454103783
454103759
-211120791
211120780
-467194918
467194894
-211359300
211359289
-457348713
457348688
-210305789
210305777
-449645876
449645852
-201180827
201180814
-458892112
458892088
-198970758
198970744
-451067225
451067202
-188699851
188699837
-460157456
460157433
-186035989
186035974
-448505131
448505108
-182424659
182424644
-439893149
439893126
-170444895
170444879
-447007622
447007599
-165772384
165772367
-437915829
437915807
-152792483
152792465
-444481746
444481724
-147193436
147193417
-434765073
434765051
-133373448
133373428
-440621506
440621484
-127033816
127033797
-430101712
430101691
-112585913
112585894
-435051541
435051521
-105744218
105744198
-423510945
423510925
-90933190
90933169
-427314118
427314099
-84373601
84373580
-410316004
410315985
-68900844
68900823
-416569344
416569326
-62459079
62459059
-397953998
397953980
-47292380
47292360
-402407156
402407138
-41355808
41355788
-381791419
381791401
-7196923
7196903
-483917059
483917041
2640849
-2640869
-475042393
475042376
11249576
-11249595
-460707732
460707716
18938971
-18938990
-445197322
445197306
25923968
-25923986
-427290217
427290201
31931480
-31931498
-407315914
407315899
36664598
-36664614
-385615871
385615857
41008592
-41008607
-364556669
364556657
43073702
-43073715
-337951311
337951300
43835614
-43835626
-307886148
307886138
43029648
-43029658
-274604916
274604907
40550704
-40550712
-237818230
237818223
36793336
-36793342
-201387390
201387384
30557980
-30557984
-156918540
156918536
22187177
-22187179
-108493531
108493529
12612384
-12612384
-58309430
58309430
